wojewodztwo;liczba_nowych_zakazen;liczba_ponownych_zakazen;liczba_wszystkich_zakazen;liczba_nowych_zakazen_na_10_tys_mieszkancow;liczba_ponownych_zakazen_na_10_tys_mieszkancow;liczba_wszystkich_zakazen_na_10_tys_mieszkancow;zgony;zgony_w_wyniku_covid_bez_chorob_wspolistniejacych;zgony_w_wyniku_covid_i_chorob_wspolistniejacych;liczba_zlecen_poz;liczba_ozdrowiencow;liczba_osob_objetych_kwarantanna;liczba_wykonanych_testow;liczba_testow_z_wynikiem_pozytywnym;liczba_testow_z_wynikiem_negatywnym;liczba_pozostalych_testow;teryt;stan_rekordu_na
Ca³y kraj;33;15;48;0.01;0.00;0.01;0;0;0;364;0;0;1353;50;1303;0;t00;2024-04-03
dolnoœl¹skie;0;0;0;0;0;0;0;0;0;16;0;0;51;0;51;0;t02;2024-04-03
kujawsko-pomorskie;3;4;7;0.01;0.02;0.03;0;0;0;28;0;0;59;7;52;0;t04;2024-04-03
lubelskie;2;1;3;0.01;0.00;0.01;0;0;0;48;0;0;82;4;78;0;t06;2024-04-03
lubuskie;1;0;1;0.01;0;0.01;0;0;0;4;0;0;17;1;16;0;t08;2024-04-03
³ódzkie;3;0;3;0.01;0;0.01;0;0;0;19;0;0;37;3;34;0;t10;2024-04-03
ma³opolskie;2;0;2;0.01;0;0.01;0;0;0;31;0;0;71;3;68;0;t12;2024-04-03
mazowieckie;10;2;12;0.02;0.00;0.02;0;0;0;46;0;0;423;12;411;0;t14;2024-04-03
opolskie;1;0;1;0.01;0;0.01;0;0;0;0;0;0;43;1;42;0;t16;2024-04-03
podkarpackie;2;2;4;0.01;0.01;0.02;0;0;0;29;0;0;60;4;56;0;t18;2024-04-03
podlaskie;0;0;0;0;0;0;0;0;0;26;0;0;52;0;52;0;t20;2024-04-03
pomorskie;1;1;2;0.00;0.00;0.01;0;0;0;18;0;0;53;2;51;0;t22;2024-04-03
œl¹skie;1;2;3;0.00;0.00;0.01;0;0;0;32;0;0;136;3;133;0;t24;2024-04-03
œwiêtokrzyskie;1;0;1;0.01;0;0.01;0;0;0;11;0;0;14;1;13;0;t26;2024-04-03
warmiñsko-mazurskie;0;0;0;0;0;0;0;0;0;10;0;0;47;0;47;0;t28;2024-04-03
wielkopolskie;4;3;7;0.01;0.01;0.02;0;0;0;17;0;0;57;7;50;0;t30;2024-04-03
zachodniopomorskie;0;0;0;0;0;0;0;0;0;28;0;0;76;0;76;0;t32;2024-04-03
