wojewodztwo;liczba_nowych_zakazen;liczba_ponownych_zakazen;liczba_wszystkich_zakazen;liczba_nowych_zakazen_na_10_tys_mieszkancow;liczba_ponownych_zakazen_na_10_tys_mieszkancow;liczba_wszystkich_zakazen_na_10_tys_mieszkancow;zgony;zgony_w_wyniku_covid_bez_chorob_wspolistniejacych;zgony_w_wyniku_covid_i_chorob_wspolistniejacych;liczba_zlecen_poz;liczba_ozdrowiencow;liczba_osob_objetych_kwarantanna;liczba_wykonanych_testow;liczba_testow_z_wynikiem_pozytywnym;liczba_testow_z_wynikiem_negatywnym;liczba_pozostalych_testow;teryt;stan_rekordu_na
Ca³y kraj;46;31;77;0.01;0.01;0.02;0;0;0;119;0;0;691;77;614;0;t00;2024-06-18
dolnoœl¹skie;1;1;2;0.00;0.00;0.01;0;0;0;3;0;0;16;2;14;0;t02;2024-06-18
kujawsko-pomorskie;2;1;3;0.01;0.00;0.01;0;0;0;6;0;0;16;3;13;0;t04;2024-06-18
lubelskie;2;0;2;0.01;0;0.01;0;0;0;10;0;0;22;2;20;0;t06;2024-06-18
lubuskie;1;1;2;0.01;0.01;0.02;0;0;0;3;0;0;5;2;3;0;t08;2024-06-18
³ódzkie;1;0;1;0.00;0;0.00;0;0;0;2;0;0;11;1;10;0;t10;2024-06-18
ma³opolskie;2;4;6;0.01;0.01;0.02;0;0;0;12;0;0;36;6;30;0;t12;2024-06-18
mazowieckie;9;7;16;0.02;0.01;0.03;0;0;0;14;0;0;327;16;311;0;t14;2024-06-18
opolskie;2;0;2;0.02;0;0.02;0;0;0;0;0;0;29;2;27;0;t16;2024-06-18
podkarpackie;0;4;4;0;0.02;0.02;0;0;0;7;0;0;14;4;10;0;t18;2024-06-18
podlaskie;6;5;11;0.05;0.04;0.09;0;0;0;5;0;0;19;11;8;0;t20;2024-06-18
pomorskie;1;0;1;0.00;0;0.00;0;0;0;6;0;0;44;1;43;0;t22;2024-06-18
œl¹skie;5;5;10;0.01;0.01;0.02;0;0;0;23;0;0;62;10;52;0;t24;2024-06-18
œwiêtokrzyskie;3;0;3;0.02;0;0.02;0;0;0;4;0;0;6;3;3;0;t26;2024-06-18
warmiñsko-mazurskie;2;2;4;0.01;0.01;0.03;0;0;0;8;0;0;12;4;8;0;t28;2024-06-18
wielkopolskie;7;0;7;0.02;0;0.02;0;0;0;5;0;0;20;7;13;0;t30;2024-06-18
zachodniopomorskie;0;1;1;0;0.01;0.01;0;0;0;11;0;0;31;1;30;0;t32;2024-06-18
